RESULTS
########################

#########################################################################################################################################################
NEURAL NETWORK
#########################################################################################################################################################
*******************
FEATURE: MEAN 
*******************
Positive Class:
TP:11.0
FP:7.0

Negative Class:
TN:13
FN:8.0

Accuracy:61.5384615385%
Sensitivity:57.8947368421%
Specificity:65.0%
Precision:61.1111111111%
Recall:57.8947368421%
F-Measure:59.4594594595%

Predicted Output(TESTING):
[ 1.  1.  1.  1.  0.  1.  0.  0.  1.  1.  1.  1.  0.  1.  1.  1.  1.  1.  0.  0.  0.  0.  0.  0.  0.  0.  0.  0.  0.  0.  0.  0.  1.  0.  1.  1.  0.  1.  0.]
Actual Output(TESTING):
[ 0.  1.  1.  1.  1.  0.  0.  0.  1.  0.  1.  1.  0.  0.  1.  0.  1.  0.  0.  0.  1.  0.  0.  0.  1.  0.  1.  1.  1.  0.  0.  1.  0.  0.  1.  1.  0.  1.  1.]

Predicted REALVALUED Output(TESTING):
[  9.99700032e-01   9.99861718e-01   9.90555069e-01   8.21096005e-01   3.67046308e-01   6.56578897e-01   9.28108382e-03   1.17373343e-02   6.60508966e-01   7.38527617e-01   9.97770880e-01   9.89439805e-01   5.10095203e-04   9.45887350e-01   9.97680338e-01   9.91779011e-01   9.98939965e-01   6.76345824e-01   3.61125459e-01   1.37342010e-02   1.50607162e-01   6.05154105e-04   2.96719614e-02   1.03852376e-02   8.43299935e-03   5.39784575e-02   9.22595010e-03   3.54756182e-01   4.59519362e-01   1.39183221e-02   4.09730417e-01   1.39150864e-02   5.91397111e-01   1.72474179e-01   9.82959205e-01   9.99513983e-01   3.66728366e-01   9.99921933e-01   4.95404860e-01]
Actual Output(TESTING):
[ 0.  1.  1.  1.  1.  0.  0.  0.  1.  0.  1.  1.  0.  0.  1.  0.  1.  0.  0.  0.  1.  0.  0.  0.  1.  0.  1.  1.  1.  0.  0.  1.  0.  0.  1.  1.  0.  1.  1.]




#########################################################################################################################################################
NEAREST NEIGHBOR 
#########################################################################################################################################################

**********************
FEATURE: MEAN - K=1 NEAREST NEIGHBOR 
**********************

Positive Class:
TP:8.0
FP:10.0
Negative Class:
TN:10
FN:11.0

Accuracy:46.1538461538%
Sensitivity:42.1052631579%
Specificity:50.0%
Precision:44.4444444444%
Recall:42.1052631579%
F-Measure:43.2432432432%

Predicted Output(TESTING):
[ 1.  1.  1.  0.  1.  0.  0.  0.  1.  1.  1.  1.  0.  0.  1.  0.  0.  1.
  0.  0.  0.  0.  0.  0.  1.  1.  0.  1.  1.  0.  0.  0.  0.  0.  1.  1.
  1.  1.  0.]
Actual Output(TESTING):
[ 0.  0.  1.  1.  0.  1.  0.  1.  0.  1.  0.  1.  0.  1.  0.  0.  1.  1.
  0.  1.  0.  0.  1.  1.  0.  0.  0.  0.  0.  0.  1.  1.  0.  0.  1.  1.
  1.  1.  1.]

**********************
FEATURE: MEAN - K=2 NEAREST NEIGHBOR 
**********************

Positive Class:
TP:5.0
FP:3.0
Negative Class:
TN:17
FN:14.0

Accuracy:56.4102564103%
Sensitivity:26.3157894737%
Specificity:85.0%
Precision:62.5%
Recall:26.3157894737%
F-Measure:37.037037037%

Predicted Output(TESTING):
[ 0.  0.  1.  0.  1.  0.  0.  0.  0.  1.  0.  0.  1.  1.  0.  0.  0.  1.
  0.  0.  0.  0.  0.  0.  0.  0.  0.  1.  0.  0.  0.  0.  0.  0.  0.  0.
  0.  0.  1.]
Actual Output(TESTING):
[ 1.  0.  1.  1.  1.  0.  0.  0.  1.  0.  1.  0.  0.  1.  0.  0.  1.  1.
  1.  0.  1.  1.  1.  0.  1.  0.  1.  0.  0.  0.  0.  0.  1.  1.  0.  0.
  1.  0.  1.]

**********************
FEATURE: MEAN - K=3 NEAREST NEIGHBOR 
**********************

Positive Class:
TP:11.0
FP:7.0
Negative Class:
TN:13
FN:8.0

Accuracy:61.5384615385%
Sensitivity:57.8947368421%
Specificity:65.0%
Precision:61.1111111111%
Recall:57.8947368421%
F-Measure:59.4594594595%

Predicted Output(TESTING):
[ 0.  0.  1.  1.  0.  1.  1.  1.  0.  0.  1.  0.  0.  0.  0.  0.  1.  1.
  0.  0.  0.  0.  1.  1.  0.  0.  1.  1.  1.  1.  1.  0.  1.  1.  1.  0.
  0.  0.  0.]
Actual Output(TESTING):
[ 0.  1.  1.  0.  0.  0.  0.  1.  1.  0.  0.  0.  0.  1.  1.  0.  0.  1.
  0.  1.  1.  1.  1.  1.  0.  0.  0.  0.  1.  1.  1.  0.  1.  1.  1.  0.
  1.  0.  0.]

**********************
FEATURE: MEAN - K=4 NEAREST NEIGHBOR (WORKS BEST)
**********************

Positive Class:
TP:9.0
FP:2.0
Negative Class:
TN:18
FN:10.0

Accuracy:69.2307692308%
Sensitivity:47.3684210526%
Specificity:90.0%
Precision:81.8181818182%
Recall:47.3684210526%
F-Measure:60.0%

Predicted Output(TESTING):
[ 0.  0.  1.  0.  0.  0.  1.  0.  0.  1.  1.  0.  0.  0.  0.  1.  0.  0.
  1.  0.  1.  0.  0.  0.  0.  0.  0.  0.  1.  0.  0.  0.  1.  1.  0.  0.
  0.  1.  0.]
Actual Output(TESTING):
[ 1.  1.  1.  0.  1.  0.  1.  1.  0.  1.  0.  0.  0.  1.  1.  1.  0.  0.
  1.  0.  1.  1.  0.  0.  0.  0.  0.  0.  1.  0.  1.  0.  1.  0.  1.  0.
  1.  1.  0.]

